730 267
452 836
612 963
635 212
446 536
591 577
674 75
198 604
161 779
173 368
218 950
99 391
728 976
966 500
519 694
421 888
539 101
785 968
670 332
129 227
836 872
568 57
979 205
261 974
12 394
495 854
537 133
643 795
898 246
876 650
336 328
389 36
45 777
510 440
926 571
864 638
311 707
335 246
913 127
667 574
770 717
867 770
281 14
599 478
108 233
231 455
792 676
886 472
932 461
525 33
755 582
957 625
428 159
917 724
759 190
139 887
415 729
651 880
334 12
370 67
58 438
461 39
386 126
371 864
92 643
507 5
839 984
468 241
815 478
199 895
306 316
371 558
398 738
285 516
13 179
57 719
423 649
433 974
674 794
657 327
888 872
285 346
350 198
344 490
564 350
746 483
149 911
812 974
77 404
91 42
642 984
687 101
0 781
479 825
205 469
43 465
686 47
782 74
740 979
870 79
759 561
488 596
541 578
789 164
262 762
579 342
359 126
273 314
10 656
308 962
374 265
319 155
872 574
946 203
958 731
905 668
836 43
607 382
293 650
496 219
591 554
744 116
451 505
403 753
327 180
18 982
546 836
111 729
332 559
5 695
815 938
222 510
614 362
906 253
873 290
265 808
194 270
742 144
311 798
361 727
228 822
767 489
868 826
511 550
764 279
243 268
540 765
225 921
387 568
46 870
150 702
550 511
596 971
570 710
937 607
726 496
709 249
309 439
465 286
404 103
677 746
161 764
184 550
174 736
861 434
85 819
87 618
449 523
969 228
870 995
405 226
855 119
670 203
418 261
379 988
954 767
891 187
265 261
344 476
496 672
402 68
292 521
33 187
735 552
797 23
696 329
109 955
543 896
27 774
65 997
25 752
725 699
642 519
377 930
663 232
844 412
52 834
504 829
662 140
883 491
308 878
339 365
407 988
219 336
984 495
127 116
956 558
680 46
438 491
380 615
185 752
237 321
280 135
340 89
757 121
842 447
426 598
579 459
663 683
319 827
880 666
374 343
98 435
576 845
107 224
78 591
787 999
712 882
674 152
492 314
152 774
215 330
619 835
892 967
400 443
487 356
609 379
652 912
775 778
288 267
764 565
555 744
864 873
1 580
247 73
52 109
651 456
832 901
730 16
426 814
806 225
662 7
901 709
971 93
710 40
829 717
511 397
287 981
397 363
67 802
392 590
320 404
874 818
23 742
61 699
642 506
286 71
992 561
130 141
385 720
539 663
651 630
343 891
351 770
973 568
619 369
812 707
5 309
826 32
344 217
670 390
718 240
883 563
987 686
386 399
665 279
715 573
229 67
311 492
902 99
484 732
477 549
86 515
733 2
527 463
897 625
635 982
276 989
290 241
81 713
426 383
223 68
905 966
344 655
788 180
527 668
79 219
84 160
506 875
534 153
828 978
604 675
230 62
511 491
374 699
559 823
134 48
728 269
857 60
992 975
866 62
280 208
601 778
5 129
563 767
867 380
645 301
629 658
12 892
995 360
348 663
776 643
906 688
422 964
168 693
585 871
30 712
101 869
415 932
620 810
455 547
456 481
966 596
401 355
881 498
540 958
102 320
89 130
906 265
439 135
330 924
430 810
962 660
936 950
236 365
509 951
776 578
897 867
332 260
180 177
41 437
135 283
187 339
550 751
186 392
646 424
105 189
19 749
867 399
830 831
885 378
387 430
643 657
123 357
387 592
586 41
480 433
886 913
300 146
842 839
438 120
359 933
707 469
726 395
572 540
948 365
44 389
378 616
653 220
600 725
958 100
502 886
866 329
631 542
727 891
282 821
794 671
294 913
484 887
953 216
907 833
509 162
520 629
728 579
320 47
726 54
449 373
813 221
851 107
13 476
992 370
466 510
73 511
103 656
279 791
977 849
563 632
533 179
402 939
15 563
897 990
304 611
464 62
162 666
846 673
172 113
98 929
93 806
673 949
726 285
432 857
609 658
711 878
864 364
424 885
403 131
780 12
586 666
153 619
619 112
153 776
904 920
289 230
216 680
252 204
328 686
508 82
606 638
573 231
578 249
110 846
393 280
292 678
32 926
725 184
49 995
910 284
429 332
858 260
126 408
711 106
528 574
774 389
772 770
791 7
319 846
703 130
253 229
303 528
814 571
994 242
883 184
402 824
928 867
952 631
965 843
318 265
738 577
891 71
526 825
946 33
796 136
63 781
11 239
976 438
393 205
435 540
227 403
594 257
443 792
543 780
23 637
125 710
738 699
574 714
689 216
987 898
132 729
819 924
70 569
650 571
891 568
325 186
134 15
552 155
796 479
748 430
656 577
536 981
596 680
539 796
320 651
740 710
323 958
598 634
683 464
915 373
82 240
699 81
759 304
865 466
622 388
954 513
358 620
459 698
996 964
295 408
777 420
994 361
29 436
164 52
270 352
285 574
393 217
977 563
187 987
593 722
957 11
894 690
378 49
18 464
799 43
861 171
934 314
473 62
398 797
930 20
258 699
357 283
652 943
932 526
38 220
804 894
709 983
931 916
403 684
793 133
359 465
874 351
403 399
156 755
58 974
132 728
996 976
695 159
855 750
152 278
628 318
461 796
379 342
294 795
699 851
619 107
26 922
25 690