FILENAME: ./data/simple_words.txt
Running OBST using Dynamic Programming....
D: coding | f(D): 1 | l(D): 6
0) D:  | f(D): 0 | l(D): 0
1) D: a | f(D): 1 | l(D): 1
2) D: academic | f(D): 1 | l(D): 8
3) D: and | f(D): 3 | l(D): 3
4) D: calendar | f(D): 1 | l(D): 8
5) D: code | f(D): 1 | l(D): 4
6) D: coding | f(D): 1 | l(D): 6
7) D: curricula | f(D): 1 | l(D): 9
8) D: degree | f(D): 1 | l(D): 6
9) D: digits | f(D): 1 | l(D): 6
10) D: enrolled | f(D): 1 | l(D): 8
11) D: fees | f(D): 1 | l(D): 4
12) D: for | f(D): 1 | l(D): 3
13) D: has | f(D): 1 | l(D): 3
14) D: in | f(D): 1 | l(D): 2
15) D: including | f(D): 1 | l(D): 9
16) D: information | f(D): 1 | l(D): 11
17) D: is | f(D): 2 | l(D): 2
18) D: major | f(D): 1 | l(D): 5
19) D: mother | f(D): 1 | l(D): 6
20) D: of | f(D): 2 | l(D): 2
21) D: outlines | f(D): 1 | l(D): 8
22) D: postal | f(D): 1 | l(D): 6
23) D: program | f(D): 1 | l(D): 7
24) D: programs | f(D): 1 | l(D): 8
25) D: published | f(D): 1 | l(D): 9
26) D: rules | f(D): 1 | l(D): 5
27) D: student | f(D): 3 | l(D): 7
28) D: students | f(D): 1 | l(D): 8
29) D: study | f(D): 1 | l(D): 5
30) D: the | f(D): 5 | l(D): 3
31) D: this | f(D): 1 | l(D): 4
32) D: tongue | f(D): 1 | l(D): 6
33) D: undergraduate | f(D): 1 | l(D): 13
34) D: whether | f(D): 1 | l(D): 7
35) D: which | f(D): 1 | l(D): 5
36) D: year | f(D): 2 | l(D): 4
Total Items: 37
Total Unique Items: 36
Skipped Items: 1
Total Frequency: 47
0) [(0)(-1)] [(0)(-1)] [(0)(-1)] [(0)(-1)] [(0)(-1)] [(0)(-1)] [(0)(-1)] [(0)(-1)] [(0)(-1)] [(0)(-1)] [(0)(-1)] [(0)(-1)] [(0)(-1)] [(0)(-1)] [(0)(-1)] [(0)(-1)] [(0)(-1)] [(0)(-1)] [(0)(-1)] [(0)(-1)] [(0)(-1)] [(0)(-1)] [(0)(-1)] [(0)(-1)] [(0)(-1)] [(0)(-1)] [(0)(-1)] [(0)(-1)] [(0)(-1)] [(0)(-1)] [(0)(-1)] [(0)(-1)] [(0)(-1)] [(0)(-1)] [(0)(-1)] [(0)(-1)] [(0)(-1)] 
1) [(0)(0)] [(0)(0)] [(0)(0)] [(0)(0)] [(0)(0)] [(0)(0)] [(0)(0)] [(0)(0)] [(0)(0)] [(0)(0)] [(0)(0)] [(0)(0)] [(0)(0)] [(0)(0)] [(0)(0)] [(0)(0)] [(0)(0)] [(0)(0)] [(0)(0)] [(0)(0)] [(0)(0)] [(0)(0)] [(0)(0)] [(0)(0)] [(0)(0)] [(0)(0)] [(0)(0)] [(0)(0)] [(0)(0)] [(0)(0)] [(0)(0)] [(0)(0)] [(0)(0)] [(0)(0)] [(0)(0)] [(0)(0)] [(0)(0)] 
2) [(0)(0)] [(0)(0)] [(0)(0)] [(0)(0)] [(0)(0)] [(0)(0)] [(0)(0)] [(0)(0)] [(0)(0)] [(0)(0)] [(0)(0)] [(0)(0)] [(0)(0)] [(0)(0)] [(0)(0)] [(0)(0)] [(0)(0)] [(0)(0)] [(0)(0)] [(0)(0)] [(0)(0)] [(0)(0)] [(0)(0)] [(0)(0)] [(0)(0)] [(0)(0)] [(0)(0)] [(0)(0)] [(0)(0)] [(0)(0)] [(0)(0)] [(0)(0)] [(0)(0)] [(0)(0)] [(0)(0)] [(0)(0)] [(0)(0)] 
3) [(0)(0)] [(0)(0)] [(0)(0)] [(0)(0)] [(0)(0)] [(0)(0)] [(0)(0)] [(0)(0)] [(0)(0)] [(0)(0)] [(0)(0)] [(0)(0)] [(0)(0)] [(0)(0)] [(0)(0)] [(0)(0)] [(0)(0)] [(0)(0)] [(0)(0)] [(0)(0)] [(0)(0)] [(0)(0)] [(0)(0)] [(0)(0)] [(0)(0)] [(0)(0)] [(0)(0)] [(0)(0)] [(0)(0)] [(0)(0)] [(0)(0)] [(0)(0)] [(0)(0)] [(0)(0)] [(0)(0)] [(0)(0)] [(0)(0)] 
4) [(0)(0)] [(0)(0)] [(0)(0)] [(0)(0)] [(0)(0)] [(0)(0)] [(0)(0)] [(0)(0)] [(0)(0)] [(0)(0)] [(0)(0)] [(0)(0)] [(0)(0)] [(0)(0)] [(0)(0)] [(0)(0)] [(0)(0)] [(0)(0)] [(0)(0)] [(0)(0)] [(0)(0)] [(0)(0)] [(0)(0)] [(0)(0)] [(0)(0)] [(0)(0)] [(0)(0)] [(0)(0)] [(0)(0)] [(0)(0)] [(0)(0)] [(0)(0)] [(0)(0)] [(0)(0)] [(0)(0)] [(0)(0)] [(0)(0)] 
5) [(0)(0)] [(0)(0)] [(0)(0)] [(0)(0)] [(0)(0)] [(0)(0)] [(0)(0)] [(0)(0)] [(0)(0)] [(0)(0)] [(0)(0)] [(0)(0)] [(0)(0)] [(0)(0)] [(0)(0)] [(0)(0)] [(0)(0)] [(0)(0)] [(0)(0)] [(0)(0)] [(0)(0)] [(0)(0)] [(0)(0)] [(0)(0)] [(0)(0)] [(0)(0)] [(0)(0)] [(0)(0)] [(0)(0)] [(0)(0)] [(0)(0)] [(0)(0)] [(0)(0)] [(0)(0)] [(0)(0)] [(0)(0)] [(0)(0)] 
6) [(0)(0)] [(0)(0)] [(0)(0)] [(0)(0)] [(0)(0)] [(0)(0)] [(0)(0)] [(0)(0)] [(0)(0)] [(0)(0)] [(0)(0)] [(0)(0)] [(0)(0)] [(0)(0)] [(0)(0)] [(0)(0)] [(0)(0)] [(0)(0)] [(0)(0)] [(0)(0)] [(0)(0)] [(0)(0)] [(0)(0)] [(0)(0)] [(0)(0)] [(0)(0)] [(0)(0)] [(0)(0)] [(0)(0)] [(0)(0)] [(0)(0)] [(0)(0)] [(0)(0)] [(0)(0)] [(0)(0)] [(0)(0)] [(0)(0)] 
7) [(0)(0)] [(0)(0)] [(0)(0)] [(0)(0)] [(0)(0)] [(0)(0)] [(0)(0)] [(0)(0)] [(0)(0)] [(0)(0)] [(0)(0)] [(0)(0)] [(0)(0)] [(0)(0)] [(0)(0)] [(0)(0)] [(0)(0)] [(0)(0)] [(0)(0)] [(0)(0)] [(0)(0)] [(0)(0)] [(0)(0)] [(0)(0)] [(0)(0)] [(0)(0)] [(0)(0)] [(0)(0)] [(0)(0)] [(0)(0)] [(0)(0)] [(0)(0)] [(0)(0)] [(0)(0)] [(0)(0)] [(0)(0)] [(0)(0)] 
8) [(0)(0)] [(0)(0)] [(0)(0)] [(0)(0)] [(0)(0)] [(0)(0)] [(0)(0)] [(0)(0)] [(0)(0)] [(0)(0)] [(0)(0)] [(0)(0)] [(0)(0)] [(0)(0)] [(0)(0)] [(0)(0)] [(0)(0)] [(0)(0)] [(0)(0)] [(0)(0)] [(0)(0)] [(0)(0)] [(0)(0)] [(0)(0)] [(0)(0)] [(0)(0)] [(0)(0)] [(0)(0)] [(0)(0)] [(0)(0)] [(0)(0)] [(0)(0)] [(0)(0)] [(0)(0)] [(0)(0)] [(0)(0)] [(0)(0)] 
9) [(0)(0)] [(0)(0)] [(0)(0)] [(0)(0)] [(0)(0)] [(0)(0)] [(0)(0)] [(0)(0)] [(0)(0)] [(0)(0)] [(0)(0)] [(0)(0)] [(0)(0)] [(0)(0)] [(0)(0)] [(0)(0)] [(0)(0)] [(0)(0)] [(0)(0)] [(0)(0)] [(0)(0)] [(0)(0)] [(0)(0)] [(0)(0)] [(0)(0)] [(0)(0)] [(0)(0)] [(0)(0)] [(0)(0)] [(0)(0)] [(0)(0)] [(0)(0)] [(0)(0)] [(0)(0)] [(0)(0)] [(0)(0)] [(0)(0)] 
10) [(0)(0)] [(0)(0)] [(0)(0)] [(0)(0)] [(0)(0)] [(0)(0)] [(0)(0)] [(0)(0)] [(0)(0)] [(0)(0)] [(0)(0)] [(0)(0)] [(0)(0)] [(0)(0)] [(0)(0)] [(0)(0)] [(0)(0)] [(0)(0)] [(0)(0)] [(0)(0)] [(0)(0)] [(0)(0)] [(0)(0)] [(0)(0)] [(0)(0)] [(0)(0)] [(0)(0)] [(0)(0)] [(0)(0)] [(0)(0)] [(0)(0)] [(0)(0)] [(0)(0)] [(0)(0)] [(0)(0)] [(0)(0)] [(0)(0)] 
11) [(0)(0)] [(0)(0)] [(0)(0)] [(0)(0)] [(0)(0)] [(0)(0)] [(0)(0)] [(0)(0)] [(0)(0)] [(0)(0)] [(0)(0)] [(0)(0)] [(0)(0)] [(0)(0)] [(0)(0)] [(0)(0)] [(0)(0)] [(0)(0)] [(0)(0)] [(0)(0)] [(0)(0)] [(0)(0)] [(0)(0)] [(0)(0)] [(0)(0)] [(0)(0)] [(0)(0)] [(0)(0)] [(0)(0)] [(0)(0)] [(0)(0)] [(0)(0)] [(0)(0)] [(0)(0)] [(0)(0)] [(0)(0)] [(0)(0)] 
12) [(0)(0)] [(0)(0)] [(0)(0)] [(0)(0)] [(0)(0)] [(0)(0)] [(0)(0)] [(0)(0)] [(0)(0)] [(0)(0)] [(0)(0)] [(0)(0)] [(0)(0)] [(0)(0)] [(0)(0)] [(0)(0)] [(0)(0)] [(0)(0)] [(0)(0)] [(0)(0)] [(0)(0)] [(0)(0)] [(0)(0)] [(0)(0)] [(0)(0)] [(0)(0)] [(0)(0)] [(0)(0)] [(0)(0)] [(0)(0)] [(0)(0)] [(0)(0)] [(0)(0)] [(0)(0)] [(0)(0)] [(0)(0)] [(0)(0)] 
13) [(0)(0)] [(0)(0)] [(0)(0)] [(0)(0)] [(0)(0)] [(0)(0)] [(0)(0)] [(0)(0)] [(0)(0)] [(0)(0)] [(0)(0)] [(0)(0)] [(0)(0)] [(0)(0)] [(0)(0)] [(0)(0)] [(0)(0)] [(0)(0)] [(0)(0)] [(0)(0)] [(0)(0)] [(0)(0)] [(0)(0)] [(0)(0)] [(0)(0)] [(0)(0)] [(0)(0)] [(0)(0)] [(0)(0)] [(0)(0)] [(0)(0)] [(0)(0)] [(0)(0)] [(0)(0)] [(0)(0)] [(0)(0)] [(0)(0)] 
14) [(0)(0)] [(0)(0)] [(0)(0)] [(0)(0)] [(0)(0)] [(0)(0)] [(0)(0)] [(0)(0)] [(0)(0)] [(0)(0)] [(0)(0)] [(0)(0)] [(0)(0)] [(0)(0)] [(0)(0)] [(0)(0)] [(0)(0)] [(0)(0)] [(0)(0)] [(0)(0)] [(0)(0)] [(0)(0)] [(0)(0)] [(0)(0)] [(0)(0)] [(0)(0)] [(0)(0)] [(0)(0)] [(0)(0)] [(0)(0)] [(0)(0)] [(0)(0)] [(0)(0)] [(0)(0)] [(0)(0)] [(0)(0)] [(0)(0)] 
15) [(0)(0)] [(0)(0)] [(0)(0)] [(0)(0)] [(0)(0)] [(0)(0)] [(0)(0)] [(0)(0)] [(0)(0)] [(0)(0)] [(0)(0)] [(0)(0)] [(0)(0)] [(0)(0)] [(0)(0)] [(0)(0)] [(0)(0)] [(0)(0)] [(0)(0)] [(0)(0)] [(0)(0)] [(0)(0)] [(0)(0)] [(0)(0)] [(0)(0)] [(0)(0)] [(0)(0)] [(0)(0)] [(0)(0)] [(0)(0)] [(0)(0)] [(0)(0)] [(0)(0)] [(0)(0)] [(0)(0)] [(0)(0)] [(0)(0)] 
16) [(0)(0)] [(0)(0)] [(0)(0)] [(0)(0)] [(0)(0)] [(0)(0)] [(0)(0)] [(0)(0)] [(0)(0)] [(0)(0)] [(0)(0)] [(0)(0)] [(0)(0)] [(0)(0)] [(0)(0)] [(0)(0)] [(0)(0)] [(0)(0)] [(0)(0)] [(0)(0)] [(0)(0)] [(0)(0)] [(0)(0)] [(0)(0)] [(0)(0)] [(0)(0)] [(0)(0)] [(0)(0)] [(0)(0)] [(0)(0)] [(0)(0)] [(0)(0)] [(0)(0)] [(0)(0)] [(0)(0)] [(0)(0)] [(0)(0)] 
17) [(0)(0)] [(0)(0)] [(0)(0)] [(0)(0)] [(0)(0)] [(0)(0)] [(0)(0)] [(0)(0)] [(0)(0)] [(0)(0)] [(0)(0)] [(0)(0)] [(0)(0)] [(0)(0)] [(0)(0)] [(0)(0)] [(0)(0)] [(0)(0)] [(0)(0)] [(0)(0)] [(0)(0)] [(0)(0)] [(0)(0)] [(0)(0)] [(0)(0)] [(0)(0)] [(0)(0)] [(0)(0)] [(0)(0)] [(0)(0)] [(0)(0)] [(0)(0)] [(0)(0)] [(0)(0)] [(0)(0)] [(0)(0)] [(0)(0)] 
18) [(0)(0)] [(0)(0)] [(0)(0)] [(0)(0)] [(0)(0)] [(0)(0)] [(0)(0)] [(0)(0)] [(0)(0)] [(0)(0)] [(0)(0)] [(0)(0)] [(0)(0)] [(0)(0)] [(0)(-1)] [(1)(1)] [(0)(-1)] [(0)(-1)] [(0)(-1)] [(0)(-1)] [(0)(-1)] [(0)(-1)] [(0)(-1)] [(0)(-1)] [(0)(-1)] [(0)(-1)] [(0)(-1)] [(0)(-1)] [(0)(-1)] [(0)(-1)] [(0)(-1)] [(0)(-1)] [(0)(-1)] [(0)(-1)] [(0)(-1)] [(0)(-1)] [(0)(-1)] 
19) [(0)(-1)] [(0)(-1)] [(0)(-1)] [(0)(-1)] [(0)(-1)] [(0)(-1)] [(0)(-1)] [(0)(-1)] [(0)(-1)] [(0)(-1)] [(0)(-1)] [(0)(-1)] [(0)(-1)] [(0)(-1)] [(0)(0)] [(0)(0)] [(0)(0)] [(0)(0)] [(0)(0)] [(0)(0)] [(0)(0)] [(0)(0)] [(0)(0)] [(0)(0)] [(0)(0)] [(0)(0)] [(0)(0)] [(0)(0)] [(0)(0)] [(0)(0)] [(0)(0)] [(0)(0)] [(0)(0)] [(0)(0)] [(0)(0)] [(0)(0)] [(0)(0)] 
20) [(0)(0)] [(0)(0)] [(0)(0)] [(0)(0)] [(0)(0)] [(0)(0)] [(0)(0)] [(0)(0)] [(0)(0)] [(0)(0)] [(0)(0)] [(0)(0)] [(0)(0)] [(0)(0)] [(0)(0)] [(0)(0)] [(0)(0)] [(0)(0)] [(0)(0)] [(0)(0)] [(0)(0)] [(0)(0)] [(0)(0)] [(0)(0)] [(0)(0)] [(0)(0)] [(0)(0)] [(0)(0)] [(0)(0)] [(0)(0)] [(0)(0)] [(0)(0)] [(0)(0)] [(0)(0)] [(0)(0)] [(0)(0)] [(0)(0)] 
21) [(0)(0)] [(0)(0)] [(0)(0)] [(0)(0)] [(0)(0)] [(0)(0)] [(0)(0)] [(0)(0)] [(0)(0)] [(0)(0)] [(0)(0)] [(0)(0)] [(0)(0)] [(0)(0)] [(0)(0)] [(0)(0)] [(0)(0)] [(0)(0)] [(0)(0)] [(0)(0)] [(0)(0)] [(0)(0)] [(0)(0)] [(0)(0)] [(0)(0)] [(0)(0)] [(0)(0)] [(0)(0)] [(0)(0)] [(0)(0)] [(0)(0)] [(0)(0)] [(0)(0)] [(0)(0)] [(0)(0)] [(0)(0)] [(0)(0)] 
22) [(0)(0)] [(0)(0)] [(0)(0)] [(0)(0)] [(0)(0)] [(0)(0)] [(0)(0)] [(0)(0)] [(0)(0)] [(0)(0)] [(0)(0)] [(0)(0)] [(0)(0)] [(0)(0)] [(0)(0)] [(0)(0)] [(0)(0)] [(0)(0)] [(0)(0)] [(0)(0)] [(0)(0)] [(0)(0)] [(0)(0)] [(0)(0)] [(0)(0)] [(0)(0)] [(0)(0)] [(0)(0)] [(0)(0)] [(0)(0)] [(0)(0)] [(0)(0)] [(0)(0)] [(0)(0)] [(0)(0)] [(0)(0)] [(0)(0)] 
23) [(0)(0)] [(0)(0)] [(0)(0)] [(0)(0)] [(0)(0)] [(0)(0)] [(0)(0)] [(0)(0)] [(0)(0)] [(0)(0)] [(0)(0)] [(0)(0)] [(0)(0)] [(0)(0)] [(0)(0)] [(0)(0)] [(0)(0)] [(0)(0)] [(0)(0)] [(0)(0)] [(0)(0)] [(0)(0)] [(0)(0)] [(0)(0)] [(0)(0)] [(0)(0)] [(0)(0)] [(0)(0)] [(0)(0)] [(0)(0)] [(0)(0)] [(0)(0)] [(0)(0)] [(0)(0)] [(0)(0)] [(0)(0)] [(0)(0)] 
24) [(0)(0)] [(0)(0)] [(0)(0)] [(0)(0)] [(0)(0)] [(0)(0)] [(0)(0)] [(0)(0)] [(0)(0)] [(0)(0)] [(0)(0)] [(0)(0)] [(0)(0)] [(0)(0)] [(0)(0)] [(0)(0)] [(0)(0)] [(0)(0)] [(0)(0)] [(0)(0)] [(0)(0)] [(0)(0)] [(0)(0)] [(0)(0)] [(0)(0)] [(0)(0)] [(0)(0)] [(0)(0)] [(0)(0)] [(0)(0)] [(0)(0)] [(0)(0)] [(0)(0)] [(0)(0)] [(0)(0)] [(0)(0)] [(0)(0)] 
25) [(0)(0)] [(0)(0)] [(0)(0)] [(0)(0)] [(0)(0)] [(0)(0)] [(0)(0)] [(0)(0)] [(0)(0)] [(0)(0)] [(0)(0)] [(0)(0)] [(0)(0)] [(0)(0)] [(0)(0)] [(0)(0)] [(0)(0)] [(0)(0)] [(0)(0)] [(0)(0)] [(0)(0)] [(0)(0)] [(0)(0)] [(0)(0)] [(0)(0)] [(0)(0)] [(0)(0)] [(0)(0)] [(0)(0)] [(0)(0)] [(0)(0)] [(0)(0)] [(0)(0)] [(0)(0)] [(0)(0)] [(0)(0)] [(0)(0)] 
26) [(0)(0)] [(0)(0)] [(0)(0)] [(0)(0)] [(0)(0)] [(0)(0)] [(0)(0)] [(0)(0)] [(0)(0)] [(0)(0)] [(0)(0)] [(0)(0)] [(0)(0)] [(0)(0)] [(0)(0)] [(0)(0)] [(0)(0)] [(0)(0)] [(0)(0)] [(0)(0)] [(0)(0)] [(0)(0)] [(0)(0)] [(0)(0)] [(0)(0)] [(0)(0)] [(0)(0)] [(0)(0)] [(0)(0)] [(0)(0)] [(0)(0)] [(0)(0)] [(0)(0)] [(0)(0)] [(0)(0)] [(0)(0)] [(0)(0)] 
27) [(0)(0)] [(0)(0)] [(0)(0)] [(0)(0)] [(0)(0)] [(0)(0)] [(0)(0)] [(0)(0)] [(0)(0)] [(0)(0)] [(0)(0)] [(0)(0)] [(0)(0)] [(0)(0)] [(0)(0)] [(0)(0)] [(0)(0)] [(0)(0)] [(0)(0)] [(0)(0)] [(0)(0)] [(0)(0)] [(0)(0)] [(0)(0)] [(0)(0)] [(0)(0)] [(0)(0)] [(0)(0)] [(0)(0)] [(0)(0)] [(0)(0)] [(0)(0)] [(0)(0)] [(0)(0)] [(0)(0)] [(0)(0)] [(0)(0)] 
28) [(0)(0)] [(0)(0)] [(0)(0)] [(0)(0)] [(0)(0)] [(0)(0)] [(0)(0)] [(0)(0)] [(0)(0)] [(0)(0)] [(0)(0)] [(0)(0)] [(0)(0)] [(0)(0)] [(0)(0)] [(0)(0)] [(0)(0)] [(0)(0)] [(0)(0)] [(0)(0)] [(0)(0)] [(0)(0)] [(0)(0)] [(0)(0)] [(0)(0)] [(0)(0)] [(0)(0)] [(0)(0)] [(0)(0)] [(0)(0)] [(0)(0)] [(0)(0)] [(0)(0)] [(0)(0)] [(0)(0)] [(0)(0)] [(0)(0)] 
29) [(0)(0)] [(0)(0)] [(0)(0)] [(0)(0)] [(0)(0)] [(0)(0)] [(0)(0)] [(0)(0)] [(0)(0)] [(0)(0)] [(0)(0)] [(0)(0)] [(0)(0)] [(0)(0)] [(0)(0)] [(0)(0)] [(0)(0)] [(0)(0)] [(0)(0)] [(0)(0)] [(0)(0)] [(0)(0)] [(0)(0)] [(0)(0)] [(0)(0)] [(0)(0)] [(0)(0)] [(0)(0)] [(0)(0)] [(0)(0)] [(0)(0)] [(0)(0)] [(0)(0)] [(0)(0)] [(0)(0)] [(0)(0)] [(0)(0)] 
30) [(0)(0)] [(0)(0)] [(0)(0)] [(0)(0)] [(0)(0)] [(0)(0)] [(0)(0)] [(0)(0)] [(0)(0)] [(0)(0)] [(0)(0)] [(0)(0)] [(0)(0)] [(0)(0)] [(0)(0)] [(0)(0)] [(0)(0)] [(0)(0)] [(0)(0)] [(0)(0)] [(0)(0)] [(0)(0)] [(0)(0)] [(0)(0)] [(0)(0)] [(0)(0)] [(0)(0)] [(0)(0)] [(0)(0)] [(0)(0)] [(0)(0)] [(0)(0)] [(0)(0)] [(0)(0)] [(0)(0)] [(0)(0)] [(0)(0)] 
31) [(0)(0)] [(0)(0)] [(0)(0)] [(0)(0)] [(0)(0)] [(0)(0)] [(0)(0)] [(0)(0)] [(0)(0)] [(0)(0)] [(0)(0)] [(0)(0)] [(0)(0)] [(0)(0)] [(0)(0)] [(0)(0)] [(0)(0)] [(0)(0)] [(0)(0)] [(0)(0)] [(0)(0)] [(0)(0)] [(0)(0)] [(0)(0)] [(0)(0)] [(0)(0)] [(0)(0)] [(0)(0)] [(0)(0)] [(0)(0)] [(0)(0)] [(0)(0)] [(0)(0)] [(0)(0)] [(0)(0)] [(0)(0)] [(0)(0)] 
32) [(0)(0)] [(0)(0)] [(0)(0)] [(0)(0)] [(0)(0)] [(0)(0)] [(0)(0)] [(0)(0)] [(0)(0)] [(0)(0)] [(0)(0)] [(0)(0)] [(0)(0)] [(0)(0)] [(0)(0)] [(0)(0)] [(0)(0)] [(0)(0)] [(0)(0)] [(0)(0)] [(0)(0)] [(0)(0)] [(0)(0)] [(0)(0)] [(0)(0)] [(0)(0)] [(0)(0)] [(0)(0)] [(0)(0)] [(0)(0)] [(0)(0)] [(0)(0)] [(0)(0)] [(0)(0)] [(0)(0)] [(0)(0)] [(0)(0)] 
33) [(0)(0)] [(0)(0)] [(0)(0)] [(0)(0)] [(0)(0)] [(0)(0)] [(0)(0)] [(0)(0)] [(0)(0)] [(0)(0)] [(0)(0)] [(0)(0)] [(0)(0)] [(0)(0)] [(0)(0)] [(0)(0)] [(0)(0)] [(0)(0)] [(0)(0)] [(0)(0)] [(0)(0)] [(0)(0)] [(0)(0)] [(0)(0)] [(0)(0)] [(0)(0)] [(0)(0)] [(0)(0)] [(0)(0)] [(0)(0)] [(0)(0)] [(0)(0)] [(0)(0)] [(0)(0)] [(0)(0)] [(0)(0)] [(0)(0)] 
34) [(0)(0)] [(0)(0)] [(0)(0)] [(0)(0)] [(0)(0)] [(0)(0)] [(0)(0)] [(0)(0)] [(0)(0)] [(0)(0)] [(0)(0)] [(0)(0)] [(0)(0)] [(0)(0)] [(0)(0)] [(0)(0)] [(0)(0)] [(0)(0)] [(0)(0)] [(0)(0)] [(0)(0)] [(0)(0)] [(0)(0)] [(0)(0)] [(0)(0)] [(0)(0)] [(0)(0)] [(0)(0)] [(0)(0)] [(0)(0)] [(0)(0)] [(0)(0)] [(0)(0)] [(0)(0)] [(0)(0)] [(0)(0)] [(0)(0)] 
35) [(0)(0)] [(0)(0)] [(0)(0)] [(0)(0)] [(0)(0)] [(0)(0)] [(0)(0)] [(0)(0)] [(0)(0)] [(0)(0)] [(0)(0)] [(0)(0)] [(0)(0)] [(0)(0)] [(0)(0)] [(0)(0)] [(0)(0)] [(0)(0)] [(0)(0)] [(0)(0)] [(0)(0)] [(0)(0)] [(0)(0)] [(0)(0)] [(0)(0)] [(0)(0)] [(0)(0)] [(0)(0)] [(0)(0)] [(0)(0)] [(0)(0)] [(0)(0)] [(0)(0)] [(0)(0)] [(0)(0)] [(0)(0)] [(0)(0)] 
36) [(0)(0)] [(0)(0)] [(0)(0)] [(0)(0)] [(0)(0)] [(0)(0)] [(0)(0)] [(0)(0)] [(0)(0)] [(0)(0)] [(0)(0)] [(0)(0)] [(0)(0)] [(0)(0)] [(0)(0)] [(0)(0)] [(0)(0)] [(0)(0)] [(0)(0)] [(0)(0)] [(0)(0)] [(0)(0)] [(0)(0)] [(0)(0)] [(0)(0)] [(0)(0)] [(0)(0)] [(0)(0)] [(0)(-1)] [(0)(-1)] [(1)(2)] [(0)(-1)] [(0)(-1)] [(0)(-1)] [(0)(-1)] [(0)(-1)] [(0)(-1)] 
37) [(0)(-1)] [(0)(-1)] [(0)(-1)] [(0)(-1)] [(0)(-1)] [(0)(-1)] [(0)(-1)] [(0)(-1)] [(0)(-1)] [(0)(-1)] [(0)(-1)] [(0)(-1)] [(0)(-1)] [(0)(-1)] [(0)(-1)] [(0)(-1)] [(0)(-1)] [(0)(-1)] [(0)(-1)] [(0)(-1)] [(0)(-1)] [(0)(-1)] [(0)(-1)] [(0)(-1)] [(0)(-1)] [(0)(-1)] [(0)(-1)] [(0)(-1)] [(0)(0)] [(0)(0)] [(0)(0)] [(0)(0)] [(0)(0)] [(0)(0)] [(0)(0)] [(0)(0)] [(0)(0)] 
